# 复合材料性能 辅助计算程序

> 求解层合板的柔度矩阵、刚度矩阵

项目地址：[GitHub](https://github.com/laorange/LaminateCalculation)  |  [Gitee](https://gitee.com/laorange/LaminateCalculation)

## 快速开始

1. 安装python环境
2. 安装依赖库 `numpy`
3. 运行程序

## 输出示例

```javascript
// Laminate:
{'A': [[3001103008873.4766, 526408761895.5289, 202447298959.28326],
       [526408761895.5289, 1912181162250.7192, 900716124546.5999],
       [202447298959.28326, 900716124546.5999, 456101166324.20435]],
 'B': [[915611577004917.1, 88446103162387.61, 31885449586087.11],
       [88446103162387.61, 316987742094036.25, 141862789616089.47],
       [31885449586087.11, 141862789616089.47, 71835933708662.17]],
 'C': [[0.0, 0.0, 0.0], [0.0, 0.0, 0.0], [0.0, 0.0, 0.0]],
 'hat_E_x': 71404668171.09732,
 'hat_E_y': 45496159568.607506,
 'hat_mu_x_y': 0.27529230613061956,
 'hat_mu_y_x': 0.1754050961726658,
 'layer_amount': 2.0,
 'layers': [<__main__.LayerOnCoordinateXY object at 0x0000022560364C70>,
            <__main__.LayerOnCoordinateXY object at 0x0000022560364CA0>,
            <__main__.LayerOnCoordinateXY object at 0x0000022560364CD0>,
            <__main__.LayerOnCoordinateXY object at 0x0000022560364D00>],
 'theta_list': [0.0, 1.5707963267948966, 1.5707963267948966, 0.0],
 'thickness': 10,
 'total_thickness': 40}


// layer3:
{'E_l': 140000000000.0,
 'E_t': 5000000000.0,
 'E_x': 24.928115580707892,
 'E_y': 24.92811565242947,
 'G_lt': 4,
 'G_xy': 11.168365900176143,
 'cos_theta': -0.4480736161291701,
 'eta_xy': 0.6693451027269042,
 'hat_E11': 9439958981.024754,
 'hat_E12': 24562748201.493332,
 'hat_E13': 10122364947.964163,
 'hat_E21': 24562748201.493332,
 'hat_E22': 90587086988.86992,
 'hat_E23': 45035806227.329994,
 'hat_E31': 10122364947.964163,
 'hat_E32': 45035806227.329994,
 'hat_E33': 22805058312.210217,
 'hat_E_l': 140615191462.64908,
 'hat_E_t': 5021971123.666039,
 'mu_lt': 0.35,
 'mu_tl': 0.0125,
 'mu_xy': 0.6693451038361047,
 'mu_yx': 0.9999999989190477,
 'raideur_matrix_on_coordinate_L_T': [[140615191462.64908,
                                       1757689893.2831135,
                                       0.0],
                                      [1757689893.2831137,
                                       5021971123.666039,
                                       0.0],
                                      [0.0, 0.0, 4.0]],
 'raideur_matrix_on_coordinate_X_Y': [[9439958981.024754,
                                       24562748201.493332,
                                       10122364947.964163],
                                      [24562748201.493332,
                                       90587086988.86992,
                                       45035806227.329994],
                                      [10122364947.964163,
                                       45035806227.329994,
                                       22805058312.210217]],
 'sin_theta': 0.8939966636005579,
 'souplesse_matrix_on_coordinate_L_T': [[7.142857142857143e-12, -2.5e-12, 0.0],
                                        [-2.5e-12, 2e-10, 0.0],
                                        [0.0, 0.0, 0.25]],
 'souplesse_matrix_on_coordinate_X_Y': [[0.04011534673619331,
                                         -0.04011534657741323,
                                         0.05993223258528336],
                                        [-0.04011534657741323,
                                         0.04011534662077601,
                                         0.059932232684599636],
                                        [0.05993223258528336,
                                         0.059932232684599636,
                                         0.25]],
 'theta': 90}
```

